"ID_BUILD","ID_SOURCE"
"1","w81090867"
"4","w81089804"
"5","w81089062"
"6","w81092152"
"7","w81092672"
"8","w83235095"
"9","w81090014"
"10","w165825785"
"12","w79805508"
"14","w1233776412"
"17","w79805156"
"20","w79804977"
"24","w79804607"
"30","w79805001"
"32","w79805060"
"33","w79805103"
"45","w79805275"
"49","w79805076"
"50","w79804755"
"59","w79804174"
"62","w79804753"
"63","w79805188"
"65","w79804480"
"68","w79804874"
"72","w79804312"
"73","w79805139"
"79","w79805435"
"80","w79805401"
"96","w79805423"
"97","w79804162"
"106","w79804567"
"110","w1177775859"
"115","w78493374"
"122","w79804936"
"125","w78493090"
"129","w79804362"
"132","w79804958"
"133","w79804385"
"139","w79805463"
"142","w79804202"
"144","w79804871"
"145","w79804342"
"150","w79804899"
"152","w79804571"
"153","w79805519"
"154","w79804139"
"160","w79804479"
"165","w79804839"
"166","w79804260"
"167","w79805048"
"170","w79805212"
"171","w79804682"
"173","w79804167"
"174","w79804904"
"177","w79804880"
"178","w79805246"
"179","w79804882"
"180","w79805469"
"184","w79804637"
"190","w79805040"
"195","w79805078"
"198","w79805466"
"199","w79804991"
"213","w79804336"
"215","w79804793"
"217","w79804499"
"219","w79804496"
"220","w79804327"
"229","w79804626"
"232","w79805395"
"235","w79805515"
"238","w79805179"
"256","w78470889"
"277","w79804532"
"278","w79805517"
"280","w79805138"
"288","w79804597"
"289","w79626697"
"290","w228590800"
"291","w78470702"
"292","w79628830"
"295","w79629201"
"297","w79628719"
"298","w79628927"
"303","w79805195"
"305","w79804579"
"306","w79804527"
"309","w79626472"
"313","w79804238"
"323","w79804379"
"325","w79804957"
"326","w79626696"
"329","w79626605"
"342","w79628951"
"343","w79629197"
"349","w79629031"
"351","w79628831"
"356","w79629182"
"363","w79628770"
"364","w79628725"
"371","w79626577"
"373","w79628847"
"380","w79626691"
"381","w79626413"
"382","w79626574"
"383","w79626769"
"384","w79626393"
"392","w79626789"
"394","w79626635"
"395","w79626750"
"398","w79626599"
"399","w79626741"
"400","w79626672"
"401","w79626607"
"403","w79626800"
"405","w79626583"
"406","w79626819"
"407","w79626540"
"408","w79626501"
"409","w79626844"
"413","w79626813"
"415","w79626836"
"417","w79626843"
"419","w79626792"
"421","w79626453"
"427","w79626648"
"431","w79626753"
"435","w78406723"
"446","w78470719"
"451","w79626732"
"453","w78470554"
"454","w78406648"
"456","w78407044"
"457","w78406899"
"461","w79626766"
"468","w79626425"
"469","w79626834"
"472","w79626614"
"476","w79626654"
"482","w79626629"
"483","w79626415"
"486","w79611274"
"487","w79626512"
"489","w79626530"
"490","w79626846"
"494","w79626726"
"495","w79626459"
"496","w79611214"
"503","w79626786"
"505","w79626482"
"506","w79626382"
"507","w79626461"
"508","w79626835"
"510","w79611487"
"516","w79611204"
"518","w79611485"
"525","w79626686"
"527","w79611335"
"528","w79611445"
"530","w79611478"
"531","w78407041"
"532","w78406731"
"534","w79611447"
"535","w78406773"
"538","w78406531"
"540","w78406757"
"541","w79611459"
"542","w78406884"
"545","w78406526"
"546","w78406823"
"547","w78406730"
"552","w78406689"
"554","w78406935"
"556","w78406970"
"558","w78406765"
"559","w79626454"
"561","w79626420"
"562","w79626390"
"564","w660458011"
"566","w79626816"
"579","w79611451"
"593","w79626562"
"595","w138017090"
"596","w138017089"
"605","w79626650"
"606","w79611395"
"611","w79805421"
"613","w79805125"
"614","w79804609"
"615","w79804517"
"616","w79805490"
"618","w79804570"
"619","w79805317"
"624","w79805182"
"627","w79804119"
"629","w79804493"
"634","w79804583"
"636","w79804921"
"637","w79804669"
"638","w79804914"
"644","w79804137"
"649","w79804424"
"650","w79804736"
"657","w79804678"
"659","w79805230"
"666","w79804679"
"667","w79804815"
"668","w79805525"
"669","w79804584"
"670","w79804784"
"674","w79804603"
"679","w79804843"
"680","w79805353"
"682","w79805104"
"683","w79804346"
"696","w79804956"
"697","w260177841"
"698","w79804262"
"701","w79805280"
"703","w79805531"
"704","w79804930"
"705","w79804448"
"706","w52874381"
"707","w79805528"
"708","w620158818"
"715","w79805452"
"717","w79804506"
"720","w79804574"
"722","w79804243"
"723","w155071057"
"726","w79804222"
"728","w79805088"
"739","w79805480"
"740","w79804792"
"747","w79804185"
"749","w79804967"
"751","w79804413"
"753","w79804486"
"754","w79805418"
"755","w79805346"
"757","w79804394"
"759","w79628878"
"765","w79628454"
"769","w79629040"
"770","w79628724"
"772","w79629174"
"779","w79628758"
"780","w79629129"
"784","w79629166"
"789","w79628914"
"793","w79629116"
"800","w79628594"
"803","w79628954"
"806","w79628915"
"809","w79629237"
"812","w79628774"
"813","w79628772"
"815","w79629284"
"816","w79628947"
"818","w79629032"
"819","w79628685"
"821","w79629131"
"822","w79628512"
"824","w79628959"
"827","w79628901"
"831","w79629155"
"836","w79628999"
"838","w79629257"
"839","w79628861"
"840","w79628665"
"841","w79629214"
"842","w79628666"
"843","w79629062"
"844","w79628882"
"846","w79628518"
"848","w79629280"
"853","w79629074"
"854","w79629253"
"855","w79628501"
"856","w79628967"
"860","w548239434"
"861","w79628916"
"862","w79629262"
"865","w79629042"
"866","w79628638"
"867","w79629073"
"868","w79628494"
"872","w1023663131"
"876","w79629120"
"877","w79629196"
"880","w79628738"
"882","w79628932"
"885","w79629080"
"886","w79628887"
"888","w137999377"
"889","w137999378"
"891","w79804645"
"895","w1263492736"
"896","w1263492737"
"897","w1263492738"
"898","w1233776415"
"899","w831661829"
"900","w1263492740"
"902","w79804126"
"907","w79805425"
"918","w79804685"
"926","w1263492739"
"935","w79805290"
"939","w79805133"
"940","w79805450"
"941","w79804545"
"943","w79804890"
"948","w79804735"
"952","w79804885"
"964","w79628875"
"965","w79629064"
"966","w79628535"
"970","w79628771"
"971","w79628568"
"972","w79628919"
"984","w79629285"
"987","w79628979"
"993","w79628961"
"994","w79629008"
"998","w79628485"
"1001","w79628803"
"1010","w79628661"
"1014","w79629067"
"1016","w79628493"
"1020","w79628843"
"1043","w79629039"
"1044","w79628902"
"1045","w79629255"
"1048","w79628690"
"1053","w79629054"
"1054","w79629266"
"1056","w79628920"
"1058","w79629275"
"1060","w102222412"
"1064","w79628640"
"1073","w79634065"
"1074","w79629113"
"1089","w137999376"
"1095","w83236901"
"1102","w35282633"
"1107","w83235050"
"1108","w83235755"
"1109","w83234221"
"1110","w83233924"
"1111","w83237290"
"1112","w83234548"
"1114","w83233870"
"1116","w83237936"
"1117","w83234589"
"1118","w83236969"
"1120","w83236476"
"1121","w83235418"
"1122","w83237796"
"1123","w83233828"
"1124","w83238019"
"1125","w83234638"
"1126","w83238086"
"1141","w248591295"
"1142","w62373992"
"1145","w79149260"
"1146","w79152749"
"1147","w79153489"
"1148","w79155416"
"1149","w79151314"
"1150","w79154478"
"1151","w79149065"
"1152","w79152954"
"1154","w79147708"
"1155","w79152556"
"1156","w79149824"
"1157","w79149002"
"1158","w79153354"
"1159","w79154251"
"1160","w79148229"
"1161","w79151765"
"1162","w79150668"
"1163","w79153950"
"1164","w79149190"
"1165","w79151235"
"1166","w79151056"
"1167","w79152073"
"1168","w79147771"
"1169","w79154106"
"1170","w79155010"
"1171","w79151250"
"1172","w79150372"
"1173","w79151508"
"1174","w79152203"
"1175","w79148196"
"1176","w79149839"
"1177","w79153581"
"1178","w79155054"
"1179","w79149415"
"1180","w79152519"
"1181","w79149227"
"1182","w79153674"
"1183","w79150957"
"1184","w79153321"
"1185","w79152779"
"1186","w79151402"
"1187","w79150267"
"1188","w79147932"
"1189","w79155125"
"1190","w79149732"
"1191","w79151722"
"1192","w79148120"
"1193","w79150141"
"1194","w79154162"
"1195","w79152293"
"1196","w79150339"
"1197","w79152712"
"1198","w79149030"
"1199","w79154511"
"1200","w79154182"
"1201","w79151103"
"1202","w79149724"
"1203","w79149353"
"1204","w79147674"
"1205","w79150421"
"1206","w79154128"
"1207","w79150877"
"1208","w79152037"
"1209","w79152769"
"1210","w79147656"
"1211","w79153474"
"1212","w79148012"
"1213","w79150092"
"1214","w79151359"
"1215","w79147585"
"1216","w79151965"
"1217","w79148879"
"1218","w79148102"
"1219","w79151385"
"1220","w79149982"
"1221","w79151705"
"1222","w79153374"
"1223","w79154755"
"1224","w79152347"
"1225","w79155108"
"1226","w79155202"
"1227","w79148721"
"1228","w79151803"
"1229","w79155392"
"1230","w79149309"
"1231","w79152533"
"1232","w79151741"
"1233","w79147942"
"1234","w1075491897"
"1235","w79153691"
"1236","w79150644"
"1237","w79148623"
"1238","w79149234"
"1239","w79152530"
"1240","w79155327"
"1241","w79155135"
"1242","w79148009"
"1243","w1075491898"
"1244","w79148976"
"1245","w79148515"
"1246","w79149816"
"1247","w79155455"
"1248","w79153401"
"1249","w79150609"
"1250","w79148577"
"1251","w79150968"
"1252","w79152767"
"1253","w79150569"
"1254","w79155363"
"1255","w79148852"
"1256","w79152477"
"1257","w79149558"
"1258","w79151224"
"1259","w79149785"
"1260","w79148673"
"1261","w79149466"
"1262","w79148726"
"1263","w79153113"
"1264","w79154564"
"1265","w79148979"
"1266","w79155425"
"1267","w79154140"
"1268","w279115635"
"1271","w1130750770"
"1276","w79083167"
"1277","w1130750775"
"1280","w1130750780"
"1281","w1130750766"
"1283","w1130750786"
"1284","w79084513"
"1285","w1130750776"
"1286","w79084043"
"1288","w1130750761"
"1289","w1130750773"
"1293","w79084715"
"1294","w79084125"
"1295","w79084961"
"1296","w79082653"
"1297","w1130750784"
"1298","w1130750781"
"1301","w1130750783"
"1302","w1130750762"
"1303","w79083352"
"1304","w1130750771"
"1305","w1130750768"
"1308","w1130750782"
"1311","w1070258224"
"1312","w1070258225"
"1314","w79151872"
"1315","w79149883"
"1316","w79151613"
"1317","w79152764"
"1324","w79149367"
"1325","w79151969"
"1326","w79154136"
"1327","w79150487"
"1328","w79150254"
"1329","w79147813"
"1330","w79154661"
"1331","w79152699"
"1332","w79153308"
"1334","w79155041"
"1335","w79149624"
"1336","w79152600"
"1337","w79148106"
"1338","w79147493"
"1339","w79149304"
"1340","w79150604"
"1341","w79148790"
"1342","w79152949"
"1343","w79150528"
"1344","w79148174"
"1345","w79148007"
"1346","w79153825"
"1347","w79153939"
"1348","w79155263"
"1349","w79150021"
"1352","w79154795"
"1353","w79155360"
"1354","w79152857"
"1355","w79154647"
"1356","w79150958"
"1357","w79147737"
"1358","w79152139"
"1359","w79151280"
"1360","w79147589"
"1361","w79155200"
"1362","w79150402"
"1363","w79152586"
"1364","w1211540546"
"1365","w79153195"
"1366","w79153793"
"1367","w1211540545"
"1368","w79150496"
"1369","w79153254"
"1370","w79149892"
"1371","w79151918"
"1372","w79150202"
"1373","w79153282"
"1374","w958136153"
"1375","w79150677"
"1376","w79152035"
"1377","w79154448"
"1378","w79153372"
"1379","w79151187"
"1380","w79147502"
"1381","w79150327"
"1382","w79154733"
"1383","w79153959"
"1384","w79154707"
"1385","w79147538"
"1386","w958136150"
"1387","w79151882"
"1388","w79150785"
"1389","w279115640"
"1390","w79154989"
"1391","w79148799"
"1392","w79154671"
"1393","w79151107"
"1394","w958136151"
"1395","w79148834"
"1396","w79154825"
"1397","w958136149"
"1398","w79151622"
"1399","w958136154"
"1400","w79152301"
"1401","w79149928"
"1402","w958136152"
"1403","w79151045"
"1404","w79153515"
"1405","w79150051"
"1406","w79151197"
"1408","w79148949"
"1409","w958136155"
"1410","w79150086"
"1411","w79150856"
"1412","w79153033"
"1413","w79154598"
"1414","w79152068"
"1415","w79147688"
"1416","w79151953"
"1418","w79151425"
"1419","w79154088"
"1422","w79154482"
"1423","w79149819"
"1424","w79155077"
"1425","w79150908"
"1426","w79148145"
"1427","w79154724"
"1428","w79150290"
"1429","w79148920"
"1430","w79152352"
"1431","w79150846"
"1432","w79149755"
"1433","w79152252"
"1434","w79155051"
"1435","w79152419"
"1436","w79155308"
"1437","w79152997"
"1438","w79151168"
"1439","w79154534"
"1440","w79148850"
"1441","w79149951"
"1442","w79151098"
"1443","w79148116"
"1444","w79152006"
"1445","w79148093"
"1446","w79151658"
"1447","w79149152"
"1448","w729830077"
"1449","w958136156"
"1450","w79148423"
"1452","w79148629"
"1453","w79150542"
"1454","w79154412"
"1455","w79149669"
"1456","w79152709"
"1457","w1211540547"
"1458","w79153578"
"1459","w79148982"
"1460","w79148522"
"1461","w79149178"
"1462","w79153084"
"1463","w79147625"
"1464","w79149091"
"1465","w79148485"
"1467","w79151081"
"1468","w79147884"
"1469","w79153556"
"1470","w79149905"
"1471","w79150084"
"1472","w79149742"
"1473","w79153231"
"1474","w491591065"
"1475","w79150242"
"1476","w79149433"
"1477","w491591064"
"1478","w79152065"
"1479","w79148140"
"1480","w491591059"
"1481","w79153987"
"1482","w79151058"
"1483","w79150710"
"1484","w79149548"
"1485","w79151732"
"1486","w491591061"
"1487","w79147685"
"1488","w491591060"
"1489","w79154855"
"1490","w79147836"
"1491","w79154747"
"1492","w79154080"
"1493","w79155187"
"1494","w79155330"
"1495","w79149130"
"1496","w79150514"
"1497","w79155285"
"1498","w79151806"
"1499","w79147773"
"1500","w491591062"
"1501","w79154339"
"1502","w79154585"
"1503","w79149974"
"1504","w1211540548"
"1505","w79147675"
"1506","w79152056"
"1507","w79154595"
"1508","w79150547"
"1509","w79148709"
"1510","w79149806"
"1511","w79152498"
"1512","w404541317"
"1513","w1211540549"
"1514","w79151796"
"1515","w79150698"
"1516","w79149086"
"1517","w79149031"
"1518","w79153455"
"1519","w79151466"
"1520","w79150895"
"1521","w79154317"
"1522","w79149477"
"1523","w79149416"
"1524","w79084549"
"1528","w1237121921"
"1529","w1112766122"
"1531","w79084034"
"1532","w79084175"
"1533","w79084531"
"1535","w79083485"
"1536","w79147461"
"1537","w79150188"
"1538","w79149655"
"1539","w79149592"
"1540","w79147524"
"1541","w79152912"
"1544","w79148863"
"1545","w79151949"
"1546","w79151431"
"1547","w79148916"
"1548","w79147880"
"1549","w79152834"
"1550","w79151146"
"1551","w79149013"
"1552","w79151261"
"1553","w79147975"
"1554","w79153115"
"1555","w79151002"
"1556","w79148675"
"1557","w79154566"
"1558","w79153177"
"1559","w79152743"
"1560","w79149690"
"1561","w79155168"
"1562","w79152412"
"1563","w79147621"
"1564","w79151939"
"1565","w79151421"
"1566","w79149155"
"1567","w79149174"
"1568","w79150744"
"1569","w79155427"
"1570","w79147719"
"1571","w79154889"
"1572","w79153054"
"1573","w79148579"
"1574","w79155340"
"1575","w79151582"
"1576","w79150679"
"1577","w79148760"
"1578","w79155268"
"1579","w79150940"
"1580","w79154469"
"1581","w79151519"
"1582","w79150581"
"1583","w79152099"
"1584","w79148518"
"1585","w79149751"
"1586","w79149529"
"1587","w79150904"
"1588","w79154530"
"1589","w79153080"
"1590","w79151680"
"1591","w79150017"
"1592","w79150842"
"1593","w79154095"
"1594","w79150286"
"1595","w79148240"
"1596","w79151448"
"1597","w79148413"
"1598","w79153537"
"1599","w79153278"
"1600","w79154863"
"1601","w79147693"
"1602","w79151299"
"1603","w79149443"
"1604","w79153029"
"1605","w79149956"
"1606","w79154729"
"1607","w79148855"
"1608","w79152669"
"1609","w79150224"
"1610","w79154942"
"1611","w79149050"
"1612","w79148153"
"1613","w79149629"
"1614","w79152028"
"1615","w79154347"
"1616","w79151814"
"1617","w79150718"
"1618","w79152605"
"1619","w79152875"
"1620","w79150976"
"1621","w79149372"
"1622","w79147818"
"1623","w79148987"
"1624","w79150852"
"1625","w79151556"
"1626","w79149700"
"1628","w79150781"
"1629","w79148536"
"1631","w79150492"
"1632","w79147435"
"1633","w79148290"
"1634","w79150123"
"1635","w79153106"
"1636","w79151768"
"1638","w79154791"
"1639","w79152898"
"1640","w79150044"
"1641","w79153365"
"1642","w79150592"
"1643","w79153742"
"1644","w79154557"
"1645","w79149520"
"1646","w79154112"
"1647","w79151510"
"1648","w79150440"
"1649","w79150735"
"1650","w79149583"
"1651","w79153019"
"1652","w79151714"
"1653","w79154818"
"1654","w79147560"
"1655","w79153435"
"1656","w79148660"
"1657","w79151190"
"1658","w79147647"
"1659","w79152002"
"1661","w79149451"
"1662","w79153409"
"1663","w79150612"
"1664","w79149778"
"1665","w79154362"
"1666","w79148942"
"1667","w79152631"
"1668","w79151573"
"1669","w79155222"
"1670","w79151777"
"1671","w79151164"
"1672","w79154254"
"1673","w79148039"
"1674","w79152789"
"1675","w79155126"
"1676","w79150340"
"1677","w79150215"
"1678","w79155099"
"1679","w79154967"
"1680","w79154185"
"1681","w79150833"
"1682","w79151351"
"1683","w79148838"
"1684","w79150206"
"1685","w79152936"
"1686","w79153258"
"1687","w79149673"
"1688","w79150313"
"1689","w79149486"
"1690","w79148030"
"1691","w79153392"
"1692","w79148970"
"1693","w79150073"
"1694","w79152623"
"1695","w79149228"
"1696","w79147809"
"1697","w79155002"
"1698","w79153675"
"1699","w79149932"
"1700","w79153339"
"1701","w79148197"
"1702","w79151662"
"1703","w79147933"
"1704","w79151218"
"1705","w79154460"
"1706","w79151316"
"1707","w79153492"
"1708","w79148130"
"1709","w79155312"
"1710","w79149104"
"1711","w79149947"
"1712","w79151094"
"1713","w79148380"
"1714","w79151849"
"1715","w79154846"
"1716","w79150179"
"1717","w79154452"
"1718","w79151475"
"1719","w79154390"
"1720","w79151644"
"1721","w79149460"
"1722","w79154693"
"1723","w79152225"
"1724","w79154063"
"1725","w79150798"
"1726","w79152760"
"1727","w79152090"
"1728","w79150599"
"1729","w79148565"
"1730","w79149646"
"1731","w79152481"
"1732","w79151457"
"1733","w79149914"
"1734","w79154880"
"1735","w79147844"
"1736","w79151129"
"1737","w79155037"
"1738","w79150250"
"1739","w79147452"
"1740","w79153045"
"1741","w79154004"
"1742","w79153426"
"1743","w79155365"
"1744","w79150868"
"1745","w79153864"
"1746","w79148888"
"1747","w79150322"
"1748","w79152020"
"1749","w79151440"
"1750","w79151975"
"1751","w79149077"
"1752","w79149004"
"1753","w79151067"
"1754","w79147915"
"1755","w79150922"
"1756","w79150114"
"1757","w292880152"
"1758","w79083125"
"1759","w79082934"
"1760","w79152926"
"1761","w79148331"
"1762","w79083511"
"1763","w79153528"
"1764","w79152464"
"1765","w79153628"
"1766","w79155159"
"1767","w79148231"
"1768","w79155055"
"1770","w191570525"
"1771","w79154720"
"1772","w79151931"
"1773","w79149022"
"1774","w79147984"
"1775","w79083687"
"1776","w79084445"
"1777","w79084980"
"1779","w79084399"
"1780","w79082955"
"1782","w79153573"
"1783","w79151270"
"1784","w79152640"
"1786","w79150132"
"1787","w79150535"
"1788","w79148048"
"1789","w79151394"
"1790","w79149538"
"1791","w79152117"
"1792","w79154984"
"1793","w79152363"
"1794","w79150268"
"1795","w79153582"
"1796","w79153185"
"1797","w79151333"
"1799","w79154380"
"1800","w79149407"
"1801","w79148475"
"1802","w79147862"
"1803","w79147665"
"1804","w79151403"
"1805","w79150753"
"1806","w79153903"
"1808","w79155046"
"1809","w79148493"
"1810","w79148769"
"1811","w79152576"
"1812","w79152385"
"1813","w79151085"
"1814","w79152256"
"1815","w79150670"
"1816","w79150374"
"1817","w79149468"
"1818","w79148170"
"1819","w79151922"
"1820","w79155418"
"1821","w79147800"
"1822","w79155294"
"1823","w79147542"
"1824","w79150161"
"1825","w79147480"
"1826","w79150825"
"1827","w79151697"
"1828","w79149095"
"1829","w79153564"
"1830","w79148549"
"1831","w79152174"
"1832","w79149611"
"1833","w79149210"
"1834","w79154711"
"1835","w79155348"
"1836","w79153010"
"1837","w79147533"
"1838","w79149707"
"1839","w79154164"
"1840","w79147639"
"1841","w79154044"
"1842","w79149733"
"1843","w79149664"
"1844","w79152725"
"1845","w79153591"
"1846","w79151182"
"1847","w79151671"
"1848","w79150305"
"1849","w79151896"
"1850","w79147577"
"1851","w79153168"
"1852","w79152450"
"1853","w79154425"
"1854","w79149165"
"1855","w79148594"
"1856","w79153240"
"1857","w79150559"
"1858","w79148507"
"1860","w79150036"
"1861","w79153357"
"1862","w79155321"
"1863","w79149682"
"1864","w79154702"
"1865","w79150277"
"1866","w79155064"
"1867","w79148829"
"1869","w79155250"
"1870","w79083135"
"1872","w79084907"
"1873","w79084526"
"1874","w79083999"
"1876","w79083027"
"1877","w79084618"
"1879","w79084157"
"1883","w79084871"
"1884","w79083524"
"1886","w79083597"
"1889","w79082679"
"1891","w79082846"
"1892","w79083378"
"1893","w79084924"
"1897","w79083036"
"1900","w79084771"
"1901","w79082731"
"1904","w79083942"
"1906","w79083205"
"1909","w79083278"
"1910","w79083119"
"1912","w79082864"
"1917","w1112766124"
"1919","w79082758"
"1923","w250660593"
"1927","w79151723"
"1928","w404541318"
"1929","w79151376"
"1930","w79152993"
"1931","w79151208"
"1932","w404541316"
"1933","w79153071"
"1934","w404541314"
"1935","w79147871"
"1936","w79151076"
"1937","w404541313"
"1938","w79150009"
"1939","w79154922"
"1940","w79150635"
"1941","w79147791"
"1942","w79154836"
"1943","w404541308"
"1944","w404541309"
"1945","w79153510"
"1946","w404541310"
"1947","w79155028"
"1948","w404541312"
"1949","w79148609"
"1950","w79151156"
"1951","w404541311"
"1952","w79154521"
"1953","w79147924"
"1954","w79150688"
"1955","w79151913"
"1956","w404541307"
"1957","w79151635"
"1958","w79153037"
"1959","w79154207"
"1960","w79149068"
"1961","w79152206"
"1962","w79151121"
"1963","w79153144"
"1964","w79148934"
"1965","w79155091"
"1966","w79149495"
"1967","w79154619"
"1968","w79152558"
"1969","w79147515"
"1970","w79147966"
"1971","w79152686"
"1972","w79151227"
"1973","w79148447"
"1974","w79148811"
"1975","w79153620"
"1976","w79152800"
"1977","w79151957"
"1978","w79152332"
"1979","w79148206"
"1980","w79151993"
"1981","w79148751"
"1982","w79154810"
"1983","w79147898"
"1984","w79150624"
"1985","w79151147"
"1986","w79153920"
"1987","w79155374"
"1988","w79149354"
"1989","w79149193"
"1990","w79151342"
"1991","w79151600"
"1992","w79152714"
"1993","w79152243"
"1994","w79153249"
"1995","w79154773"
"1996","w79147710"
"1997","w79154486"
"1998","w79151484"
"2000","w79150860"
"2001","w79150993"
"2002","w79147782"
"2003","w79153501"
"2004","w79149841"
"2005","w79153834"
"2006","w79149923"
"2007","w79149237"
"2008","w79152975"
"2009","w79151252"
"2010","w79148871"
"2011","w79148057"
"2012","w79150476"
"2013","w79148779"
"2014","w79151831"
"2015","w79149326"
"2016","w79150349"
"2017","w79153296"
"2018","w79151859"
"2019","w79152651"
"2020","w79154443"
"2021","w79150197"
"2022","w79153063"
"2023","w79148157"
"2024","w79147634"
"2025","w79149188"
"2026","w79152545"
"2027","w79154543"
"2028","w79149446"
"2029","w79154805"
"2030","w79151372"
"2031","w79150097"
"2032","w79147697"
"2033","w79152015"
"2034","w79154103"
"2035","w79148089"
"2036","w79150917"
"2037","w79155146"
"2038","w79149385"
"2040","w79151399"
"2041","w79149412"
"2042","w79153273"
"2043","w79150657"
"2044","w79148638"
"2045","w79148070"
"2046","w79149507"
"2047","w79151117"
"2048","w79154743"
"2049","w79153292"
"2050","w79150586"
"2051","w79152682"
"2052","w79151354"
"2053","w79148218"
"2054","w79154231"
"2055","w79152664"
"2056","w79155405"
"2057","w79152747"
"2058","w79149126"
"2059","w79151754"
"2060","w79150238"
"2061","w79149970"
"2062","w79147555"
"2063","w79153352"
"2064","w79147832"
"2065","w79154351"
"2066","w79155344"
"2067","w79151935"
"2068","w79152811"
"2069","w563375741"
"2070","w79153552"
"2071","w79149045"
"2072","w79148991"
"2073","w79152163"
"2074","w79153413"
"2075","w79153532"
"2076","w79154867"
"2077","w79148867"
"2079","w79151303"
"2080","w79152880"
"2081","w79149376"
"2082","w79149249"
"2083","w79153615"
"2084","w79155209"
"2085","w79151239"
"2086","w79150031"
"2087","w79149117"
"2088","w79152673"
"2091","w79149960"
"2092","w79152181"
"2093","w79151177"
"2094","w79153478"
"2095","w79153093"
"2096","w79152439"
"2097","w79154946"
"2098","w79151943"
"2099","w79155014"
"2100","w79151363"
"2101","w79151560"
"2102","w79153716"
"2104","w79150980"
"2105","w79152077"
"2107","w79147953"
"2110","w79153666"
"2111","w79150425"
"2112","w79148016"
"2113","w563375740"
"2114","w79154606"
"2115","w79149428"
"2116","w79152729"
"2117","w79151294"
"2118","w79154937"
"2119","w79150564"
"2120","w79153595"
"2121","w79150837"
"2122","w79151551"
"2123","w79148514"
"2124","w79147751"
"2125","w79150281"
"2126","w79151036"
"2127","w79154071"
"2128","w79153469"
"2129","w79152284"
"2130","w79155325"
"2131","w79154464"
"2132","w79149685"
"2133","w79153842"
"2134","w79149108"
"2135","w79150165"
"2136","w251078393"
"2137","w79148135"
"2138","w79151675"
"2139","w79153014"
"2140","w79150156"
"2141","w79149054"
"2142","w79150416"
"2143","w79155068"
"2144","w79148301"
"2145","w79150219"
"2146","w79148284"
"2147","w1112758323"
"2148","w79150228"
"2155","w251078395"
"2163","w79083955"
"2164","w79083904"
"2165","w79084610"
"2169","w79082742"
"2170","w79084597"
"2172","w79153156"
"2173","w79153696"
"2174","w79154212"
"2175","w79151745"
"2176","w79149240"
"2177","w79152609"
"2178","w79154858"
"2179","w79150713"
"2180","w79153541"
"2181","w76847572"
"2182","w79151230"
"2183","w79147430"
"2184","w79148729"
"2185","w79154342"
"2186","w79155396"
"2188","w76847593"
"2190","w79153191"
"2191","w79152536"
"2192","w79150722"
"2193","w79150352"
"2194","w79147944"
"2195","w79149570"
"2196","w79149313"
"2200","w79084785"
"2201","w79084245"
"2203","w79148209"
"2205","w79147439"
"2206","w79084382"
"2207","w79151818"
"2208","w76847607"
"2209","w79083241"
"2210","w79084543"
"2211","w79082876"
"2212","w79084357"
"2216","w79083087"
"2217","w79083871"
"2219","w76847587"
"2220","w1112758322"
"2224","w79083935"
"2227","w251072925"
"2228","w79084090"
"2231","w76847569"
"2234","w76847599"
"2235","w332367227"
"2236","w332367228"
"2237","w79083959"
"2238","w79083330"
"2240","w79084305"
"2241","w79084027"
"2242","w224104972"
"2244","w79082638"
"2246","w626513644"
"2247","w79082990"
"2248","w249651198"
"2249","w79082968"
"2250","w79082799"
"2252","w79082781"
"2253","w79084874"
"2255","w625919256"
"2256","w79083825"
"2258","w79082898"
"2259","w79083173"
"2260","w79084853"
"2263","w79083844"
"2264","w79084112"
"2266","w79083042"
"2267","w79083150"
"2269","w46601816"
"2270","w46592741"
"2271","w46592738"
"2272","w274188269"
"2275","w79082794"
"2276","w46601819"
"2277","w251089458"
"2278","w46592736"
"2285","w46601820"
"2288","w79084841"
"2291","w46592742"
"2292","w79083266"
"2295","w46592727"
"2300","w79084847"
"2302","w46601817"
"2303","w79083968"
"2304","w79084319"
"2305","w46601813"
"2307","w79084388"
"2308","w79153318"
"2310","w62376412"
"2311","w79155370"
"2312","w79153389"
"2313","w79151143"
"2314","w248578469"
"2315","w79150618"
"2316","w79151214"
"2317","w76847606"
"2319","w62376359"
"2320","w248578467"
"2321","w79154842"
"2322","w79154769"
"2323","w79151980"
"2325","w79149996"
"2329","w79148587"
"2331","w79151719"
"2334","w62376347"
"2336","w491406145"
"2337","w62376368"
"2340","w79154145"
"2341","w79154827"
"2342","w79148179"
"2343","w79155356"
"2344","w79153275"
"2345","w79149566"
"2346","w79154423"
"2347","w79153424"
"2348","w79154682"
"2349","w79149398"
"2350","w79149687"
"2351","w79154726"
"2352","w79149430"
"2353","w79149953"
"2354","w79150525"
"2355","w79154764"
"2356","w79149991"
"2357","w79149581"
"2358","w79153639"
"2359","w79153166"
"2360","w79149776"
"2361","w79152026"
"2362","w79150566"
"2363","w79149138"
"2364","w79153104"
"2365","w79151894"
"2366","w79155205"
"2367","w79150929"
"2368","w79153830"
"2369","w79150053"
"2370","w79149903"
"2371","w79147450"
"2372","w79153313"
"2373","w79153304"
"2374","w79152695"
"2375","w79154502"
"2376","w79147594"
"2377","w79147557"
"2378","w79154075"
"2379","w79149306"
"2380","w79150418"
"2381","w79151199"
"2382","w79148809"
"2383","w79148655"
"2384","w79150796"
"2385","w79153229"
"2392","w79083663"
"2393","w79083117"
"2395","w79083081"
"2397","w79083102"
"2399","w540419869"
"2400","w79082923"
"2401","w254725375"
"2405","w79084896"
"2407","w79083980"
"2410","w79083074"
"2411","w1155316123"
"2414","w1155316121"
"2415","w79084719"
"2416","w79083467"
"2417","w540419870"
"2420","w79083480"
"2421","w79084744"
"2422","w79082886"
"2424","w79083234"
"2426","w79084537"
"2427","w79082663"
"2431","w79083070"
"2434","w79083677"
"2436","w79084969"
"2437","w79084332"
"2439","w79084915"
"2440","w79083289"
"2441","w79083793"
"2442","w79083465"
"2445","w79083981"
"2452","w786250023"
"2456","w79083542"
"2458","w79083000"
"2461","w79084287"
"2467","w79084746"
"2469","w79082897"
"2471","w79083820"
"2473","w79084921"
"2474","w79083843"
"2475","w79084571"
"2477","w79084195"
"2479","w79084387"
"2480","w79083311"
"2481","w1056863559"
"2482","w79083459"
"2488","w79084379"
"2489","w79083219"
"2495","w79084947"
"2496","w79084421"
"2498","w79084973"
"2499","w79083940"
"2501","w79082713"
"2505","w79083229"
"2508","w79083190"
"2510","w79082750"
"2511","w79084233"
"2512","w79084604"
"2523","w79082862"
"2531","w79083098"
"2532","w79083655"
"2536","w79084037"
"2537","w79082915"
"2540","w79082677"
"2541","w79083667"
"2542","w79084400"
"2543","w79084044"
"2548","w79083613"
"2549","w79084981"
"2551","w79084255"
"2559","w79083287"
"2560","w79083029"
"2566","w79083500"
"2569","w79084346"
"2572","w79083922"
"2574","w79084289"
"2582","w79082909"
"2587","w79084159"
"2588","w79084451"
"2594","w79083857"
"2601","w908034842"
"2608","w79083304"
"2612","w79082961"
"2622","w254419206"
"2624","w79083215"
"2625","w224104970"
"2626","w79084165"
"2631","w79082772"
"2632","w79082564"
"2633","w79083732"
"2634","w79082992"
"2637","w79084842"
"2638","w79084085"
"2640","w79083128"
"2642","w79082972"
"2644","w79083146"
"2647","w79084679"
"2648","w79083713"
"2649","w79083532"
"2650","w79082958"
"2652","w79083584"
"2653","w79084648"
"2655","w79084826"
"2656","w79083694"
"2658","w79084179"
"2659","w79083198"
"2660","w79083156"
"2661","w79083578"
"2664","w79084366"
"2665","w79084371"
"2666","w377797801"
"2667","w79084088"
"2669","w79084735"
"2670","w238381309"
"2673","w79083701"
"2674","w79084892"
"2676","w79083095"
"2679","w79083786"
"2686","w79084511"
"2688","w79083719"
"2690","w79083425"
"2691","w79084534"
"2693","w79084770"
"2695","w79083758"
"2698","w79083356"
"2701","w79084626"
"2702","w79084829"
"2703","w79083171"
"2704","w79084166"
"2706","w79083520"
"2707","w79083008"
"2708","w79083777"
"2712","w79083928"
"2713","w79083530"
"2717","w79084446"
"2718","w79084275"
"2719","w79082770"
"2721","w79083299"
"2724","w79083126"
"2729","w79083183"
"2730","w79083022"
"2731","w79084587"
"2732","w79084184"
"2733","w897491808"
"2734","w256199315"
"2745","w79083144"
"2746","w254419205"
"2750","w79084840"
"2760","w79084726"
"2761","w254419207"
"2762","w79084169"
"2763","w79082858"
"2764","w133331808"
"2765","w79083987"
"2767","w79083464"
"2770","w79084983"
"2771","w79082894"
"2775","w79083866"
"2776","w79084235"
"2778","w79082766"
"2782","w79083906"
"2783","w79083122"
"2784","w79083307"
"2785","w79082604"
"2786","w79083878"
"2787","w79083213"
"2788","w79084411"
"2790","w79082952"
"2793","w79084809"
"2794","w79083386"
"2799","w245884017"
"2801","w79083924"
"2802","w79084244"
"2803","w79082761"
"2805","w79084993"
"2808","w79084460"
"2810","w79082757"
"2811","w79084638"
"2812","w79084054"
"2814","w79082926"
"2815","w79083270"
"2816","w79084519"
"2817","w79083998"
"2818","w79084972"
"2819","w79082800"
"2820","w79083941"
"2821","w79082784"
"2822","w79084114"
"2823","w79083339"
"2824","w79083315"
"2825","w79083152"
"2827","w79084848"
"2828","w79084606"
"2831","w79082633"
"2834","w79083557"
"2836","w79083737"
"2842","w79083936"
"2843","w79082744"
"2848","w79082796"
"2849","w79083538"
"2850","w79084788"
"2851","w62378618"
"2852","w79084426"
"2853","w79083111"
"2854","w79084069"
"2855","w540419861"
"2856","w540419863"
"2859","w79082941"
"2862","w554465117"
"2863","w892074219"
"2864","w1242784904"
"2867","w265400626"
"2868","w265400625"
"2870","w540419865"
"2871","w403172032"
"2872","w79084238"
"2876","w207397021"
"2877","w79084472"
"2878","w79083680"
"2879","w79083543"
"2881","w254419208"
"2882","w79084291"
"2883","w79083131"
"2884","w79082752"
"2889","w79083280"
"2900","w79084072"
"2907","w79082944"
"2908","w79083546"
"2909","w79083494"
"2912","w254419210"
"2914","w79082917"
"2915","w254419209"
"2916","w79084442"
"2917","w79084821"
"2921","w79084491"
"2925","w62377741"
"2926","w950104526"
"2927","w755837192"
"2929","w950104528"
"2933","w995999271"
"2936","w62377718"
"2940","w188043992"
"2942","w62377710"
"2951","w79805283"
"2953","w79804477"
"2955","w79804825"
"2956","w79804380"
"2958","w79626620"
"2962","w79626569"
"2963","w79626491"
"2965","w79804912"
"2970","w79628723"
"2971","w79628443"
"2972","w79804328"
"2973","w79804383"
"2975","w79805002"
"2976","w79805439"
"2977","w79628953"
"2978","w79804832"
"2982","w79804790"
"2989","w1089520370"
"2998","w79804624"
"2999","w79805079"
"3000","w912843113"
"3002","w912843114"
"3003","w822315664"
"3007","w79804778"
"3008","w79804776"
"3009","w79804514"
"3012","w79805098"
"3013","w79804671"
"3014","w79805301"
"3016","w79805056"
"3024","w1072691041"
"3025","w79804264"
"3028","w79804563"
"3030","w79804831"
"3032","w78493717"
"3033","w79804562"
"3034","w79804292"
"3035","w79626595"
"3038","w79805100"
"3040","w79805135"
"3042","w79805082"
"3044","w79804747"
"3045","w79626585"
"3048","w79626488"
"3050","w79626641"
"3051","w79626818"
"3054","w79804282"
"3056","w79805521"
"3058","w79626441"
"3063","w79804846"
"3074","w79626499"
"3076","w79804994"
"3077","w79804901"
"3081","w79804237"
"3084","w79805202"
"3085","w79804132"
"3091","w78470065"
"3093","w78470264"
"3095","w79804897"
"3096","w78493567"
"3109","w79805152"
"3111","w79805312"
"3114","w79804961"
"3115","w79804144"
"3117","w79804544"
"3119","w79804258"
"3122","w79804612"
"3124","w79805502"
"3129","w79805209"
"3131","w1151911882"
"3140","w79805482"
"3143","w79804915"
"3149","w79805052"
"3153","w79804592"
"3154","w79804922"
"3155","w79805438"
"3156","w79804333"
"3157","w79804127"
"3160","w79804953"
"3161","w79804796"
"3172","w79626565"
"3173","w79804928"
"3175","w79805038"
"3176","w79805034"
"3177","w79804670"
"3178","w79805415"
"3180","w79805350"
"3182","w79804623"
"3183","w79804889"
"3184","w79804887"
"3185","w79804123"
"3186","w79805092"
"3188","w79804491"
"3190","w79805397"
"3192","w79804802"
"3194","w79804835"
"3198","w79804219"
"3201","w79804814"
"3207","w79804993"
"3211","w79804888"
"3215","w1238714379"
"3216","w78493101"
"3218","w78494116"
"3219","w78493771"
"3221","w78470881"
"3224","w78470358"
"3230","w78470812"
"3238","w1238714376"
"3279","w78470558"
"3284","w78470559"
"3285","w78470448"
"3286","w78470712"
"3287","w78470816"
"3290","w78470847"
"3297","w78470854"
"3298","w78470153"
"3302","w78470555"
"3307","w78470388"
"3310","w78470143"
"3314","w253886425"
"3317","w78470371"
"3319","w78470749"
"3322","w78470584"
"3326","w939257969"
"3348","w78493836"
"3349","w78493397"
"3351","w78494097"
"3374","w78493360"
"3378","w78494050"
"3380","w78493425"
"3386","w78470650"
"3434","w78471034"
"3435","w78470267"
"3436","w78470746"
"3446","w78470760"
"3448","w78470929"
"3453","w78470985"
"3460","w78470693"
"3461","w78470023"
"3462","w78470433"
"3465","w78470876"
"3474","w78470879"
"3475","w78470853"
"3476","w1229057392"
"3480","w78470757"
"3485","w78470653"
"3489","w78470300"
"3490","w78470406"
"3491","w78470955"
"3492","w78470137"
"3494","w78469973"
"3496","w78470084"
"3499","w78470886"
"3509","w79084776"
"3510","w79082716"
"3516","w79083954"
"3523","w79084236"
"3529","w1115596935"
"3530","w79083547"
"3532","w79084945"
"3535","w79084469"
"3537","w79084859"
"3538","w78470077"
"3539","w78470136"
"3544","w570748444"
"3547","w1186094973"
"3548","w78470200"
"3549","w78470949"
"3550","w78470297"
"3552","w78470721"
"3563","w78470332"
"3565","w78470777"
"3569","w78470997"
"3579","w78470142"
"3581","w78470607"
"3588","w78470096"
"3591","w78469980"
"3595","w78470160"
"3600","w78470001"
"3601","w78470873"
"3605","w78469955"
"3606","w78470843"
"3607","w78469924"
"3609","w78470831"
"3611","w78470394"
"3615","w78470776"
"3619","w78470444"
"3627","w78470017"
"3628","w78470930"
"3633","w78470350"
"3635","w706702793"
"3636","w78470526"
"3637","w78470452"
"3639","w78470706"
"3645","w78470763"
"3651","w78470635"
"3657","w78470600"
"3658","w78470122"
"3667","w78470252"
"3670","w78470707"
"3674","w78470887"
"3681","w78470722"
"3683","w78470251"
"3687","w78469859"
"3689","w955842021"
"3690","w955842022"
"3691","w955842023"
"3692","w78470155"
"3693","w955842024"
"3694","w955842026"
"3695","w955842025"
"3696","w78470257"
"3697","w955842028"
"3698","w955842029"
"3699","w955842020"
"3700","w955842027"
"3712","w78470874"
"3720","w78470226"
"3723","w78469962"
"3726","w78470193"
"3727","w78470070"
"3733","w78470665"
"3770","w78469884"
"3779","w78469901"
"3789","w78470921"
"3795","w78470634"
"3797","w78470344"
"3803","w78470029"
"3806","w78470934"
"3807","w78470829"
"3808","w78470621"
"3813","w78470937"
"3814","w78470384"
"3816","w78470677"
"3818","w78469873"
"3820","w78469991"
"3821","w78470696"
"3829","w78470771"
"3838","w78470463"
"3839","w78470971"
"3841","w78470301"
"3842","w78469935"
"3849","w78469913"
"3876","w79082737"
"3878","w79083263"
"3886","w79084150"
"3888","w79084542"
"3895","w78470321"
"3901","w636269938"
"3905","w79083536"
"3906","w79083972"
"3908","w79083573"
"3914","w79084668"
"3917","w79083180"
"3919","w78470393"
"3921","w1127862942"
"3922","w78470339"
"3924","w78470367"
"3926","w78469953"
"3929","w78470283"
"3930","w78470598"
"3932","w78470717"
"3933","w78470695"
"3935","w78470894"
"3936","w78470903"
"3939","w78470170"
"3941","w78470540"
"3943","w78470945"
"3944","w78470806"
"3945","w1233794561"
"3953","w78469961"
"3956","w78470246"
"3957","w78470987"
"3959","w78470892"
"3962","w78470848"
"3979","w78470599"
"3983","w78469929"
"3984","w78470727"
"3986","w78470305"
"3987","w78470113"
"3990","w78470116"
"3991","w78470088"
"4007","w78470227"
"4008","w78470467"
"4009","w78470911"
"4033","w78470366"
"4035","w78470676"
"4036","w78470698"
"4041","w78470679"
"4044","w78470154"
"4050","w78470628"
"4051","w78470445"
"4052","w78470149"
"4053","w78469945"
"4054","w78470545"
"4070","w996371581"
"4071","w78494069"
"4074","w78493062"
"4075","w78493444"
"4077","w78494261"
"4078","w78493702"
"4083","w78493216"
"4085","w78493718"
"4086","w78494093"
"4087","w78493016"
"4097","w79083614"
"4099","w78493697"
"4102","w78494053"
"4104","w78493121"
"4106","w78493730"
"4111","w78492974"
"4126","w78493808"
"4147","w78494087"
"4153","w78493759"
"4154","w78493293"
"4159","w78494223"
"4161","w78493679"
"4163","w78493031"
"4169","w79082683"
"4170","w79083915"
"4171","w79084908"
"4175","w78493510"
"4178","w78493042"
"4181","w78493603"
"4188","w79083668"
"4191","w78492930"
"4192","w78494022"
"4197","w79083580"
"4199","w78493282"
"4200","w78494033"
"4201","w78493619"
"4204","w78493295"
"4206","w78493580"
"4209","w78492961"
"4210","w78493604"
"4211","w78494247"
"4212","w78493111"
"4213","w78493471"
"4216","w78493923"
"4220","w78493794"
"4224","w78494051"
"4226","w78494111"
"4228","w78493888"
"4246","w999443463"
"4247","w999443464"
"4248","w78493195"
"4250","w78493068"
"4252","w78493082"
"4253","w78493753"
"4254","w78494094"
"4255","w78493651"
"4259","w78492936"
"4262","w78493132"
"4263","w78494021"
"4264","w78493757"
"4268","w78493254"
"4270","w78493733"
"4279","w78493518"
"4280","w78493526"
"4291","w78493094"
"4295","w78493819"
"4296","w385568616"
"4300","w79084211"
"4301","w78493684"
"4305","w79083608"
"4316","w79083611"
"4318","w79083060"
"4325","w79083076"
"4327","w79082711"
"4331","w79082890"
"4337","w78493738"
"4339","w78493574"
"4340","w78494157"
"4352","w78493878"
"4353","w78493785"
"4354","w78493714"
"4369","w78493822"
"4379","w79084936"
"4380","w79083807"
"4381","w79084230"
"4382","w79084228"
"4386","w79083860"
"4388","w254728573"
"4389","w78493470"
"4390","w254728575"
"4392","w78493672"
"4395","w79084978"
"4397","w79083683"
"4402","w79084913"
"4403","w755684287"
"4404","w79082747"
"4405","w79082910"
"4406","w79084060"
"4410","w79083698"
"4411","w79084070"
"4412","w79082849"
"4414","w78493750"
"4418","w79083518"
"4419","w79083443"
"4420","w79084198"
"4424","w78494166"
"4425","w78492957"
"4426","w78493411"
"4427","w78493830"
"4428","w78493648"
"4430","w78493412"
"4432","w78493734"
"4433","w78493284"
"4434","w78493850"
"4435","w78493887"
"4437","w78494008"
"4438","w78494222"
"4440","w570748433"
"4441","w78493158"
"4442","w78493525"
"4450","w78494178"
"4456","w78494100"
"4458","w78493280"
"4460","w78493827"
"4468","w78493908"
"4470","w78493983"
"4471","w78492978"
"4474","w78493200"
"4476","w78493037"
"4485","w78494092"
"4488","w78494235"
"4492","w78492943"
"4499","w78494015"
"4501","w1121906909"
"4503","w1121906908"
"4538","w79084101"
"4543","w79084155"
"4544","w79082977"
"4546","w79084687"
"4556","w79082844"
"4557","w79083974"
"4558","w79084202"
"4562","w79083474"
"4567","w79083184"
"4568","w79084914"
"4569","w79083562"
"4571","w79082639"
"4572","w79084032"
"4575","w79084515"
"4576","w79084757"
"4578","w79083979"
"4580","w254573910"
"4583","w78492964"
"4585","w78493694"
"4586","w78492956"
"4588","w78493147"
"4591","w62374026"
"4593","w78494175"
"4594","w78492995"
"4596","w78493716"
"4604","w78493811"
"4605","w78494048"
"4606","w78493965"
"4607","w78493535"
"4610","w78493824"
"4613","w254773873"
"4614","w78493306"
"4621","w78494248"
"4622","w78493403"
"4627","w79084014"
"4634","w79083127"
"4636","w79084800"
"4641","w78493017"
"4661","w78494125"
"4663","w78494041"
"4664","w78493131"
"4665","w78493157"
"4667","w78493315"
"4668","w78493245"
"4669","w78492993"
"4670","w78493508"
"4671","w78493668"
"4672","w78493552"
"4676","w78493726"
"4677","w78493452"
"4678","w78493393"
"4684","w78493996"
"4687","w78494099"
"4688","w78493365"
"4689","w78493391"
"4695","w78493692"
"4699","w78493669"
"4700","w78494251"
"4701","w78493507"
"4702","w78493002"
"4704","w78493205"
"4705","w78493617"
"4707","w78493051"
"4709","w79082771"
"4710","w79083300"
"4717","w78493493"
"4723","w79083372"
"4724","w79082788"
"4726","w79083641"
"4730","w79082673"
"4736","w78493720"
"4737","w78493928"
"4738","w78494059"
"4741","w78493658"
"4743","w78493917"
"4744","w78493862"
"4748","w78494070"
"4755","w78493173"
"4761","w78493977"
"4769","w78493974"
"4772","w78494190"
"4804","w78493990"
"4855","w78493670"
"4864","w205405862"
"4865","w205405861"
"4866","w62377974"
"4867","w188043991"
"4868","w755867323"
"4869","w468741974"
"4872","w62378614"
"4873","w62377975"
"4874","w205405857"
"4875","w205405854"
"4876","w205405855"
"4877","w205405856"
"4878","w62377971"
"4879","w62377969"
"4880","w62377966"
"4881","w205405858"
"4882","w205405859"
"4883","w62377973"
"4885","w205405860"
"4886","w62378588"
"4896","w79084742"
"4900","w79084698"
"4906","w79083854"
"4909","w79082725"
"4910","w79082993"
"4918","w79084797"
"4921","w79083582"
"4922","w79083943"
"4924","w79084139"
"4925","w79082892"
"4926","w79083705"
"4928","w885791074"
"4933","w79084142"
"4937","w79082801"
"4940","w79082994"
"4941","w62378603"
"4943","w79083771"
"4944","w79084432"
"4946","w79082664"
"4950","w79083269"
"4953","w79083274"
"4954","w238375592"
"4955","w79083834"
"4958","w79083585"
"4960","w79083018"
"4962","w79083983"
"4965","w79084701"
"4971","w79084937"
"4974","w79084203"
"4977","w79084499"
"4980","w79084143"
"4981","w79083366"
"4984","w79082827"
"4987","w79084902"
"4989","w79083817"
"4990","w79083744"
"4996","w1025478862"
"5001","w1025478863"
"5004","w79083898"
"5006","w79083950"
"5007","w79084688"
"5008","w79083185"
"5011","w79083309"
"5013","w79083116"
"5014","w79083364"
"5016","w79083776"
"5025","w79084354"
"5028","w79082649"
"5029","w79084185"
"5033","w79084886"
"5037","w79083002"
"5040","w79084883"
"5041","w79083021"
"5042","w238373694"
"5044","w79082873"
"5046","w1226335971"
"5047","w79083540"
"5048","w1226335970"
"5049","w79083986"
"5050","w62378582"
"5051","w79084116"
"5053","w1072935716"
"5054","w79084508"
"5055","w1072935715"
"5056","w1072935714"
"5057","w1072935718"
"5058","w1072935717"
"5059","w79083305"
"5060","w79083717"
"5061","w79084843"
"5062","w79084649"
"5066","w79084022"
"5069","w79083934"
"5072","w79084335"
"5078","w78470767"
"5081","w79084837"
"5082","w1154546141"
"5083","w79084747"
"5084","w79082912"
"5085","w79082932"
"5086","w79083838"
"5087","w79084677"
"5088","w79083155"
"5089","w79083301"
"5090","w79084448"
"5091","w79084832"
"5095","w79084239"
"5097","w79082728"
"5098","w157910469"
"5099","w79084397"
"5100","w79083103"
"5102","w79084024"
"5103","w79083628"
"5107","w79084766"
"5108","w79084733"
"5111","w78493643"
"5112","w78493948"
"5113","w79084927"
"5115","w46592733"
"5116","w46592737"
"5118","w1122586334"
"5121","w78493119"
"5122","w78493828"
"5125","w79084816"
"5135","w78494106"
"5139","w78493543"
"5140","w78493608"
"5141","w79084349"
"5145","w78493466"
"5146","w78493877"
"5152","w78492946"
"5158","w1134000006"
"5159","w78492970"
"5160","w78493272"
"5171","w79082916"
"5176","w78493215"
"5185","w79084493"
"5186","w79083991"
"5187","w79083596"
"5188","w79084344"
"5189","w79083028"
"5190","w78492949"
"5191","w78494058"
"5209","w79083211"
"5210","w78493949"
"5212","w78493166"
"5213","w46592739"
"5216","w79083829"
"5220","w79084773"
"5221","w79084234"
"5222","w79084329"
"5223","w79084696"
"5224","w79084514"
"5227","w79082776"
"5228","w79084452"
"5231","w78493589"
"5232","w78494023"
"5236","w79083978"
"5240","w79084427"
"5241","w182795367"
"5244","w79082732"
"5261","w78470214"
"5262","w78493331"
"5265","w78469942"
"5266","w78470697"
"5267","w78470094"
"5271","w79084564"
"5274","w79084728"
"5276","w79083802"
"5278","w78470850"
"5285","w965903602"
"5286","w79083402"
"5289","w79084905"
"5292","w78469925"
"5294","w79084171"
"5299","w79084541"
"5302","w78470395"
"5309","w78470668"
"5311","w78470347"
"5312","w570748441"
"5316","w78470788"
"5321","w78470536"
"5323","w78470649"
"5324","w78471036"
"5330","w78470456"
"5332","w79083041"
"5333","w79084518"
"5335","w79084147"
"5336","w79084884"
"5337","w79084205"
"5338","w215273735"
"5339","w79083626"
"5341","w79084506"
"5342","w79084577"
"5343","w79083003"
"5346","w79083186"
"5354","w79083963"
"5359","w79150259"
"5360","w79149156"
"5361","w79152395"
"5362","w79149424"
"5363","w79150816"
"5364","w79151412"
"5365","w79148121"
"5367","w79149147"
"5369","w79151786"
"5370","w79155436"
"5371","w79153001"
"5372","w79153124"
"5373","w79150763"
"5374","w79149796"
"5375","w79150948"
"5376","w79151138"
"5377","w79147853"
"5378","w79155177"
"5379","w79151528"
"5380","w79150392"
"5381","w79152274"
"5382","w79147470"
"5383","w79152520"
"5386","w62373994"
"5387","w62376363"
"5390","w251089454"
"5391","w251089456"
"5392","w76847570"
"5393","w251089453"
"5396","w251089457"
"5397","w62374044"
"5398","w330770806"
"5399","w180322910"
"5401","w484166795"
"5402","w939103199"
"5403","w62373996"
"5404","w1112749098"
"5406","w934121463"
"5407","w1132763617"
"5408","w1112749096"
"5409","w1112749097"
"5411","w81092074"
"5415","w62374020"
"5419","w79083174"
"5420","w78493517"
"5421","w78493061"
"5422","w78493995"
"5423","w78494101"
"5424","w78493342"
"5425","w999443436"
"5426","w78493106"
"5428","w79083581"
"5429","w79084406"
"5430","w79083069"
"5431","w79082922"
"5433","w79084653"
"5434","w79082963"
"5438","w78493338"
"5443","w79084330"
"5447","w79082702"
"5450","w79083960"
"5456","w76847614"
"5457","w62374009"
"5458","w62374047"
"5459","w62374039"
"5460","w251089451"
"5463","w76847610"
"5464","w251078390"
"5465","w62374029"
"5467","w1112749099"
"5469","w79084071"
"5470","w1112749100"
"5471","w79084428"
"5475","w79083997"
"5478","w62374032"
"5479","w78494264"
"5480","w924442710"
"5481","w62374008"
"5482","w924603120"
"5484","w78493596"
"5485","w78493727"
"5486","w62374024"
"5491","w62374046"
"5511","w247093285"
"5513","w79083065"
"5514","w79084657"
"5515","w483292591"
"5517","w1210816587"
"5518","w79083105"
"5520","w79084644"
"5523","w79154637"
"5524","w79147728"
"5525","w79149280"
"5526","w79083491"
"5527","w79084082"
"5528","w79083297"
"5529","w79149344"
"5530","w79152704"
"5531","w79084617"
"5532","w79083277"
"5533","w79083862"
"5534","w79083903"
"5535","w79083259"
"5536","w79153773"
"5537","w1130750767"
"5539","w79151011"
"5541","w79155240"
"5542","w79148111"
"5543","w79150464"
"5544","w79153445"
"5545","w79082719"
"5546","w41188162"
"5556","w78493969"
"5559","w78494257"
"5565","w79082615"
"5566","w78493719"
"5568","w46601821"
"5569","w79083319"
"5570","w79084306"
"5572","w78494133"
"5573","w78493252"
"5576","w78493547"
"5579","w78494250"
"5587","w79084825"
"5593","w253334269"
"5594","w78494130"
"5595","w78493026"
"5597","w78493778"
"5598","w78493514"
"5600","w183446410"
"5606","w78493453"
"5607","w78493136"
"5608","w78493534"
"5614","w78493989"
"5615","w78493709"
"5616","w599413298"
"5617","w78493606"
"5618","w78492928"
"5620","w78494182"
"5624","w78493297"
"5626","w535574908"
"5633","w994980761"
"5639","w78494045"
"5644","w78494004"
"5649","w78493171"
"5651","w864351026"
"5663","w260185583"
"5666","w78493770"
"5674","w78493657"
"5681","w78492988"
"5699","w79804437"
"5701","w1110882962"
"5702","w257237338"
"5705","w260185589"
"5706","w260185590"
"5707","w260185588"
"5708","w260185591"
"5709","w79804666"
"5710","w79804135"
"5711","w79804363"
"5713","w79804490"
"5714","w79804232"
"5715","w79804351"
"5719","w260185587"
"5720","w79804310"
"5722","w79804519"
"5723","w81092879"
"5725","w773154108"
"5726","w773154112"
"5727","w773154114"
"5728","w81091722"
"5729","w975373973"
"5730","w975373972"
"5731","w975373971"
"5732","w975373966"
"5733","w975373967"
"5734","w975373969"
"5735","w975373968"
"5736","w975373970"
"5737","w773154113"
"5739","w81091110"
"5740","w993721662"
"5741","w62376372"
"5742","w773154109"
"5743","w81089698"
"5746","w1095159470"
"5748","w81092841"
"5749","w81092197"
"5751","w935927528"
"5752","w62376350"
"5753","w81092253"
"5754","w62376402"
"5755","w81088976"
"5756","w62376375"
"5757","w975373974"
"5758","w79083031"
"5759","w79082584"
"5760","w79084290"
"5761","w79083671"
"5763","w79083373"
"5764","w79084058"
"5765","w79084144"
"5766","w79083617"
"5770","w79083140"
"5771","w79083565"
"5774","w79084316"
"5780","w79083775"
"5781","w78536217"
"5784","w79084569"
"5787","w79084151"
"5794","w79082658"
"5798","w79082989"
"5805","w79082754"
"5806","w540442288"
"5807","w79084199"
"5808","w1235067696"
"5810","w998226620"
"5811","w62378658"
"5812","w62378624"
"5816","w593344836"
"5818","w62379523"
"5819","w79083539"
"5822","w79082643"
"5826","w79084939"
"5828","w79083964"
"5829","w79083055"
"5832","w79084948"
"5833","w618744169"
"5835","w79083868"
"5836","w79084585"
"5838","w62378594"
"5839","w62378670"
"5840","w79083516"
"5843","w79084237"
"5847","w948529565"
"5849","w948529566"
"5850","w948529574"
"5851","w948529575"
"5852","w79611379"
"5853","w948529563"
"5856","w948529569"
"5857","w948529568"
"5858","w948529571"
"5859","w948529572"
"5860","w79611370"
"5861","w78406977"
"5862","w78406496"
"5864","w948529564"
"5865","w948529567"
"5866","w948529577"
"5867","w948529570"
"5868","w78407238"
"5870","w948529573"
"5874","w948529576"
"5876","w78406862"
"5877","w79611340"
"5878","w78406798"
"5879","w948529562"
"5881","w78406749"
"5883","w79611184"
"5884","w948529561"
"5886","w78407036"
"5892","w79084462"
"5894","w78535890"
"5896","w62379544"
"5897","w79083200"
"5898","w78534418"
"5899","w78535941"
"5900","w78535371"
"5901","w78535382"
"5902","w79083985"
"5904","w78535796"
"5905","w328375350"
"5909","w78534341"
"5910","w78534790"
"5912","w78536192"
"5915","w1235129951"
"5916","w78534569"
"5917","w78535460"
"5918","w78534760"
"5919","w78535389"
"5925","w78534547"
"5927","w78533987"
"5932","w78534282"
"5933","w78536063"
"5937","w79083240"
"5939","w79083221"
"5944","w79083061"
"5954","w79083612"
"5956","w78534164"
"5960","w78534461"
"5962","w1035936016"
"5964","w154059913"
"5965","w366020274"
"5966","w62379553"
"5967","w62379560"
"5968","w62379547"
"5969","w62379534"
"5970","w62379528"
"5973","w1005003004"
"5974","w79084714"
"5978","w256921645"
"5979","w256921640"
"5981","w79083994"
"5982","w256921643"
"5984","w79084533"
"5985","w79084347"
"5989","w79084444"
"5991","w78536009"
"5996","w79084501"
"6001","w79082834"
"6006","w79083684"
"6012","w79084946"
"6022","w79083020"
"6028","w79084525"
"6030","w165193660"
"6031","w62379558"
"6032","w62379512"
"6039","w78271372"
"6041","w62379551"
"6042","w62379552"
"6043","w907799264"
"6044","w62378589"
"6045","w62378639"
"6047","w366020273"
"6048","w62379545"
"6049","w62378627"
"6050","w547064377"
"6051","w62378650"
"6052","w468741971"
"6055","w547064378"
"6058","w62378621"
"6060","w62378592"
"6061","w62378608"
"6062","w62378660"
"6063","w62378613"
"6064","w62378644"
"6067","w62378633"
"6068","w62378599"
"6069","w62378617"
"6070","w62378583"
"6073","w78407043"
"6075","w1069896060"
"6076","w1116551777"
"6079","w248708364"
"6080","w78406989"
"6081","w78406851"
"6088","w78406533"
"6096","w78406906"
"6104","w78406625"
"6107","w78407112"
"6108","w78407105"
"6111","w78534863"
"6119","w78406799"
"6120","w78533972"
"6123","w78534950"
"6126","w78406877"
"6127","w78406933"
"6128","w78406967"
"6129","w78406537"
"6130","w78407297"
"6131","w78407203"
"6134","w78407075"
"6135","w78406760"
"6138","w78406894"
"6145","w78407211"
"6146","w78534224"
"6148","w78534426"
"6149","w78406812"
"6151","w78534058"
"6154","w78535165"
"6158","w78534056"
"6160","w78534294"
"6161","w78535929"
"6162","w78535601"
"6166","w78535370"
"6167","w78535807"
"6170","w78534254"
"6178","w78534307"
"6183","w78534273"
"6185","w78534549"
"6186","w78534277"
"6187","w78534429"
"6188","w78535055"
"6189","w78535527"
"6193","w78535311"
"6194","w78534204"
"6195","w78534118"
"6197","w78536226"
"6200","w1116551776"
"6203","w78406621"
"6206","w78407226"
"6209","w78406499"
"6214","w78406677"
"6215","w78406688"
"6216","w78407067"
"6219","w1116551775"
"6221","w78406547"
"6225","w78407248"
"6226","w78407073"
"6228","w78407139"
"6241","w78536301"
"6244","w78534556"
"6245","w78535926"
"6248","w78534490"
"6250","w78535251"
"6251","w78534646"
"6252","w78534774"
"6254","w78534147"
"6258","w78536045"
"6264","w78534380"
"6265","w78535394"
"6267","w78534757"
"6272","w78534233"
"6274","w78534620"
"6275","w78536076"
"6276","w78533957"
"6277","w78535772"
"6279","w78534577"
"6280","w78534480"
"6282","w78406978"
"6283","w78406662"
"6289","w78406907"
"6294","w78406835"
"6295","w78407267"
"6296","w78406571"
"6297","w78406552"
"6298","w78406758"
"6300","w254643165"
"6309","w78406728"
"6316","w78406795"
"6319","w78407015"
"6321","w78406660"
"6322","w124080880"
"6323","w78407032"
"6326","w78406726"
"6329","w78406754"
"6331","w178831838"
"6332","w178831879"
"6333","w78406987"
"6334","w78406913"
"6335","w78406718"
"6337","w78407120"
"6340","w78407207"
"6342","w78407300"
"6343","w78406889"
"6344","w78406512"
"6346","w78406644"
"6348","w78406575"
"6350","w78406881"
"6354","w78406739"
"6355","w78406869"
"6356","w78406783"
"6357","w78406958"
"6359","w78406924"
"6362","w78406880"
"6366","w78406994"
"6370","w78407257"
"6371","w78406492"
"6375","w78406787"
"6377","w78406550"
"6378","w78406580"
"6379","w78407099"
"6382","w78406932"
"6397","w78407052"
"6400","w78406681"
"6404","w78407042"
"6414","w78406845"
"6416","w422794037"
"6418","w154161345"
"6419","w78406837"
"6421","w78406956"
"6432","w78406824"
"6433","w78407064"
"6440","w78406671"
"6441","w253357877"
"6448","w78406816"
"6450","w78406836"
"6452","w78406602"
"6454","w161115118"
"6455","w78406931"
"6456","w78407123"
"6461","w78407119"
"6465","w78406515"
"6466","w78406961"
"6472","w78406638"
"6474","w78406563"
"6475","w78406926"
"6476","w78406576"
"6479","w78406502"
"6482","w78406703"
"6488","w78407279"
"6489","w78470304"
"6492","w78470863"
"6494","w78469886"
"6495","w78470645"
"6499","w78470986"
"6500","w248743410"
"6504","w78470335"
"6531","w79083850"
"6532","w79084976"
"6534","w146669321"
"6542","w79084488"
"6543","w256283745"
"6544","w79083528"
"6545","w79084273"
"6547","w79082953"
"6548","w79084220"
"6550","w79083708"
"6552","w256921630"
"6559","w78534749"
"6560","w78534561"
"6566","w79083958"
"6575","w79083121"
"6576","w79083458"
"6580","w79083828"
"6583","w79082930"
"6584","w79083681"
"6585","w79082601"
"6587","w79083507"
"6589","w154801656"
"6598","w79084267"
"6601","w79083521"
"6627","w79082791"
"6633","w79083932"
"6636","w79083919"
"6641","w79083380"
"6642","w79084285"
"6643","w79083977"
"6646","w79084523"
"6647","w79084149"
"6654","w79084340"
"6656","w79084707"
"6662","w79083192"
"6663","w79083024"
"6665","w79082888"
"6666","w79083622"
"6667","w79083233"
"6670","w79084402"
"6671","w79084505"
"6673","w79083320"
"6675","w79083349"
"6677","w79082940"
"6678","w79083089"
"6679","w154040190"
"6681","w154040185"
"6682","w79084425"
"6687","w79084221"
"6689","w79083282"
"6698","w79084804"
"6700","w79084865"
"6702","w593479198"
"6703","w593479199"
"6705","w79084753"
"6707","w79083967"
"6710","w79084775"
"6713","w79082835"
"6715","w62378648"
"6716","w62378653"
"6717","w62378654"
"6719","w1226335972"
"6720","w62378652"
"6721","w220698956"
"6722","w204485771"
"6725","w1226335973"
"6726","w1226335974"
"6727","w1226335975"
"6728","w62378623"
"6729","w79084576"
"6731","w79626646"
"6733","w79611402"
"6734","w79611474"
"6738","w52130668"
"6739","w79626624"
"6740","w79626649"
"6741","w79611437"
"6742","w79611288"
"6744","w79626458"
"6745","w79626810"
"6747","w79626550"
"6749","w79611363"
"6751","w79626554"
"6753","w79611324"
"6754","w78406727"
"6755","w79626495"
"6756","w79626582"
"6757","w79626652"
"6758","w79626492"
"6760","w79626576"
"6762","w79626645"
"6765","w78407087"
"6768","w79626473"
"6770","w78470631"
"6771","w78470516"
"6774","w79626592"
"6775","w79626515"
"6779","w79626452"
"6781","w79626395"
"6784","w79626702"
"6785","w79626794"
"6790","w78407227"
"6795","w78406581"
"6797","w79626563"
"6798","w78406802"
"6799","w420094454"
"6802","w78406642"
"6805","w1238714374"
"6806","w1238714373"
"6810","w79626765"
"6812","w1267882907"
"6813","w79626776"
"6815","w78407014"
"6817","w548212214"
"6820","w78406640"
"6825","w78407197"
"6826","w78470865"
"6827","w78407264"
"6828","w79611253"
"6831","w79626660"
"6832","w79626627"
"6833","w79626378"
"6836","w79611404"
"6841","w79626623"
"6849","w79626538"
"6851","w79626722"
"6854","w79626588"
"6855","w79626783"
"6861","w79626598"
"6868","w79626682"
"6871","w79154043"
"6872","w79154520"
"6873","w79151474"
"6874","w79151217"
"6875","w79154845"
"6876","w79151689"
"6877","w79148969"
"6878","w79147861"
"6879","w79153601"
"6880","w79149999"
"6881","w79147602"
"6882","w79152567"
"6883","w79149271"
"6884","w79149850"
"6885","w79154628"
"6886","w79150383"
"6887","w79149787"
"6888","w79153759"
"6889","w79155311"
"6890","w79149888"
"6891","w79148820"
"6892","w79148347"
"6893","w79155231"
"6894","w79154667"
"6895","w79151325"
"6896","w79151041"
"6897","w79154975"
"6898","w79153884"
"6899","w79154371"
"6900","w79153214"
"6901","r1173914"
"6903","r1190288"
"6904","r1190261"
"6905","r1190236"
"6906","r1190229"
"6907","r1190250"
"6908","r1190291"
"6909","r1190271"
"6910","r1190279"
"6911","r1190233"
"6912","r2074186"
"6913","r1189674"
"6914","r2074001"
"6916","r1189693"
"6919","r1189639"
"6920","r3322714"
"6921","r3213503"
"6925","r1189687"
"6930","r2758159"
"6933","r1189694"
"6935","r1189698"
"6936","r1189652"
"6937","r1189636"
"6938","r3322715"
"6944","r4005586"
"6946","r1189642"
"6948","r1189701"
"6949","r973247"
"6950","r973244"
"6951","r973246"
"6952","r1189635"
"6954","r1189681"
"6956","r973248"
"6957","r1189708"
"6958","r1189637"
"6959","r1213188"
"6963","r1213171"
"6964","r1211388"
"6967","r1213169"
"6968","r1189657"
"6971","r3413765"
"6974","r1189663"
"6976","r1211387"
"6978","r1211374"
"6979","r3403133"
"6980","r1189690"
"6985","r1189626"
"6986","r1189650"
"6991","r1189653"
"6993","r1189659"
"6996","r1189651"
"7002","r1189707"
"7012","r1211306"
"7014","r1189666"
"7015","r1189707"
"7017","r1189699"
"7018","r1189658"
"7019","r1189645"
"7020","r1189692"
"7024","r1189710"
"7028","r1189660"
"7033","r1189649"
"7034","r1189669"
"7035","r2074032"
"7043","r3506462"
"7047","r1211258"
"7051","r1211320"
"7053","r1211219"
"7054","r1211244"
"7056","r1211282"
"7057","r1211337"
"7065","r1211274"
"7067","r1211239"
"7070","r1211270"
"7071","r1211333"
"7072","r1211371"
"7073","r1211253"
"7074","r1211304"
"7076","r2153978"
"7078","r2154052"
"7079","r1211209"
"7080","r1211275"
"7083","r1187504"
"7084","r1213037"
"7085","r3506460"
"7087","r1213009"
"7089","r1211215"
"7100","r1213021"
"7102","r1211366"
"7118","r1211298"
"7119","r1213000"
"7120","r1212993"
"7124","r1211327"
"7125","r1211386"
"7128","r1213035"
"7129","r1198644"
"7132","r1212994"
"7135","r1211346"
"7138","r1211294"
"7147","r1211342"
"7150","r1213015"
"7151","r1211221"
"7155","r1211224"
"7158","r1246979"
"7163","r1212997"
"7165","r536767"
"7169","r1211213"
"7170","r1212985"
"7171","r1211227"
"7172","r1211377"
"7175","r1211249"
"7182","r1211302"
"7183","r1211252"
"7186","r1211242"
"7189","r1211353"
"7192","r1211328"
"7198","r1211280"
"7205","r1211380"
"7206","r1211245"
"7221","r1211230"
"7228","r1211329"
"7237","r1211295"
